15 15 1699462914
21 17 1699462914
37 18 1699462914
49 19 1699462914
112 20 1699462914
129 23 1699462914
132 24 1699462914
142 25 1699462914
15 14.8368 1699462944
21 16.895 1699462944
37 18.0733 1699462944
49 18.9826 1699462944
112 19.8887 1699462944
129 23.0606 1699462944
132 24.1491 1699462944
142 24.9103 1699462944
15 15.0072 1699462974
21 17.1163 1699462974
37 18.2013 1699462974
49 18.9859 1699462974
112 20.0754 1699462974
129 22.9509 1699462974
132 24.2341 1699462974
142 24.8546 1699462974
15 15.064 1699463004
21 17.2911 1699463004
37 18.0668 1699463004
49 18.9627 1699463004
112 20.2224 1699463004
129 22.8261 1699463004
132 24.3292 1699463004
142 24.9275 1699463004
15 15.1548 1699463034
21 17.3818 1699463034
37 18.1272 1699463034
49 19.0017 1699463034
112 20.457 1699463034
129 22.6788 1699463034
132 24.3216 1699463034
142 25.0809 1699463034
15 15.2645 1699463064
21 17.5859 1699463064
37 18.1651 1699463064
49 19.0696 1699463064
112 20.625 1699463064
129 22.4634 1699463064
132 24.1598 1699463064
142 25.1329 1699463064
15 15.2556 1699463094
21 17.7683 1699463094
37 18.0289 1699463094
49 19.2038 1699463094
112 20.6925 1699463094
129 22.3619 1699463094
132 24.2105 1699463094
142 25.204 1699463094
15 15.2562 1699463124
21 17.978 1699463124
37 17.9168 1699463124
49 19.2395 1699463124
112 20.8756 1699463124
129 22.587 1699463124
132 24.2815 1699463124
142 25.4474 1699463124
15 15.4911 1699463154
21 18.086 1699463154
37 17.9502 1699463154
49 19.1266 1699463154
112 20.6948 1699463154
129 22.4842 1699463154
132 24.0973 1699463154
142 25.4622 1699463154
15 15.7021 1699463184
21 17.9321 1699463184
37 17.9971 1699463184
49 19.2215 1699463184
112 20.8167 1699463184
129 22.6899 1699463184
132 24.1757 1699463184
142 25.2286 1699463184
15 15.5719 1699463214
21 17.7277 1699463214
37 18.0777 1699463214
49 19.3859 1699463214
112 20.7124 1699463214
129 22.6119 1699463214
132 24.2152 1699463214
142 25.2951 1699463214
15 15.7485 1699463244
21 17.9686 1699463244
37 18.0385 1699463244
49 19.5641 1699463244
112 20.7881 1699463244
129 22.4161 1699463244
132 24.3577 1699463244
142 25.2961 1699463244
15 15.8696 1699463274
21 17.9125 1699463274
37 17.8471 1699463274
49 19.4994 1699463274
112 20.6731 1699463274
129 22.4147 1699463274
132 24.5983 1699463274
142 25.2023 1699463274
15 16.112 1699463304
21 17.8994 1699463304
37 17.6622 1699463304
49 19.6578 1699463304
112 20.748 1699463304
129 22.658 1699463304
132 24.7714 1699463304
142 25.0143 1699463304
15 15.9418 1699463334
21 18.0967 1699463334
37 17.6074 1699463334
49 19.5194 1699463334
112 20.7003 1699463334
129 22.5064 1699463334
132 25.0118 1699463334
142 24.9275 1699463334
15 16.1235 1699463364
21 18.2571 1699463364
37 17.7419 1699463364
49 19.4418 1699463364
112 20.8777 1699463364
129 22.4145 1699463364
132 24.9593 1699463364
142 24.8297 1699463364
15 16.3551 1699463394
21 18.4411 1699463394
37 17.9142 1699463394
49 19.5544 1699463394
112 20.902 1699463394
129 22.4653 1699463394
132 24.8197 1699463394
142 24.8656 1699463394
15 16.3483 1699463424
21 18.5121 1699463424
37 17.8246 1699463424
49 19.3825 1699463424
112 20.885 1699463424
129 22.2548 1699463424
132 24.7912 1699463424
142 24.7223 1699463424
15 16.4541 1699463454
21 18.697 1699463454
37 18.0456 1699463454
49 19.385 1699463454
112 21.0821 1699463454
129 22.4274 1699463454
132 24.8956 1699463454
142 24.7812 1699463454
15 16.2672 1699463484
21 18.7706 1699463484
37 18.2799 1699463484
49 19.5861 1699463484
112 20.9051 1699463484
129 22.3955 1699463484
132 24.99 1699463484
142 24.8507 1699463484
15 16.2091 1699463514
21 18.5969 1699463514
37 18.0996 1699463514
49 19.7557 1699463514
112 20.8273 1699463514
129 22.434 1699463514
132 24.7619 1699463514
142 24.8676 1699463514
15 16.1148 1699463544
21 18.4926 1699463544
37 18.1416 1699463544
49 19.9134 1699463544
112 20.8162 1699463544
129 22.3054 1699463544
132 24.9007 1699463544
142 24.7334 1699463544
15 16.0156 1699463574
21 18.3062 1699463574
37 18.0565 1699463574
49 20.0568 1699463574
112 20.97 1699463574
129 22.2469 1699463574
132 24.9759 1699463574
142 24.8693 1699463574
15 15.836 1699463604
21 18.369 1699463604
37 18.2507 1699463604
49 20.2167 1699463604
112 20.9687 1699463604
129 22.4146 1699463604
132 24.906 1699463604
142 24.6291 1699463604
15 15.8064 1699463634
21 18.2175 1699463634
37 18.4529 1699463634
49 19.9871 1699463634
112 20.7313 1699463634
129 22.6318 1699463634
132 24.8642 1699463634
142 24.4281 1699463634
15 15.733 1699463664
21 18.3423 1699463664
37 18.2038 1699463664
49 19.8227 1699463664
112 20.7488 1699463664
129 22.4155 1699463664
132 25.0982 1699463664
142 24.341 1699463664
15 15.5738 1699463694
21 18.3395 1699463694
37 18.3408 1699463694
49 19.918 1699463694
112 20.8979 1699463694
129 22.6464 1699463694
132 25.0361 1699463694
142 24.5091 1699463694
15 15.741 1699463724
21 18.3534 1699463724
37 18.2557 1699463724
49 20.1418 1699463724
112 21.0749 1699463724
129 22.8003 1699463724
132 25.2756 1699463724
142 24.4901 1699463724
15 15.8914 1699463754
21 18.2565 1699463754
37 18.4683 1699463754
49 20.0567 1699463754
112 21.1873 1699463754
129 22.751 1699463754
132 25.1926 1699463754
142 24.7015 1699463754
15 15.8823 1699463784
21 18.2477 1699463784
37 18.7174 1699463784
49 20.2842 1699463784
112 21.3505 1699463784
129 22.6938 1699463784
132 25.0363 1699463784
142 24.8669 1699463784
15 15.7591 1699463814
21 18.1076 1699463814
37 18.6414 1699463814
49 20.1396 1699463814
112 21.506 1699463814
129 22.5999 1699463814
132 25.0749 1699463814
142 24.88 1699463814
15 15.8115 1699463844
21 17.8653 1699463844
37 18.5391 1699463844
49 20.3199 1699463844
112 21.5735 1699463844
129 22.6957 1699463844
132 25.2016 1699463844
142 24.788 1699463844
15 15.586 1699463874
21 17.7545 1699463874
37 18.497 1699463874
49 20.2596 1699463874
112 21.6087 1699463874
129 22.6519 1699463874
132 24.9837 1699463874
142 24.6564 1699463874
15 15.4793 1699463904
21 17.6945 1699463904
37 18.6575 1699463904
49 20.3235 1699463904
112 21.7263 1699463904
129 22.8629 1699463904
132 25.007 1699463904
142 24.4495 1699463904
15 15.3628 1699463934
21 17.7842 1699463934
37 18.4315 1699463934
49 20.5656 1699463934
112 21.7131 1699463934
129 22.778 1699463934
132 25.1278 1699463934
142 24.2407 1699463934
15 15.3043 1699463964
21 17.5603 1699463964
37 18.3358 1699463964
49 20.5963 1699463964
112 21.7483 1699463964
129 22.6154 1699463964
132 24.9559 1699463964
142 24.0881 1699463964
15 15.0648 1699463994
21 17.7108 1699463994
37 18.2062 1699463994
49 20.4476 1699463994
112 21.93 1699463994
129 22.8246 1699463994
132 25.1454 1699463994
142 24.2722 1699463994
15 14.8571 1699464024
21 17.6707 1699464024
37 18.117 1699464024
49 20.4652 1699464024
112 21.8185 1699464024
129 22.766 1699464024
132 24.9393 1699464024
142 24.3233 1699464024
15 15.0632 1699464054
21 17.7158 1699464054
37 18.2632 1699464054
49 20.4516 1699464054
112 21.9163 1699464054
129 22.6317 1699464054
132 24.9729 1699464054
142 24.3741 1699464054
15 14.9209 1699464084
21 17.9382 1699464084
37 18.1541 1699464084
49 20.3097 1699464084
112 21.849 1699464084
129 22.5291 1699464084
132 25.1791 1699464084
142 24.3749 1699464084
15 14.8117 1699464114
21 17.9897 1699464114
37 18.0607 1699464114
49 20.5474 1699464114
112 21.9598 1699464114
129 22.2838 1699464114
132 25.3171 1699464114
142 24.1251 1699464114
15 14.9116 1699464144
21 17.8446 1699464144
37 18.08 1699464144
49 20.4727 1699464144
112 22.0198 1699464144
129 22.2778 1699464144
132 25.2637 1699464144
142 23.9119 1699464144
15 14.8149 1699464174
21 17.7068 1699464174
37 18.2516 1699464174
49 20.5 1699464174
112 22.2572 1699464174
129 22.4133 1699464174
132 25.3206 1699464174
142 23.8322 1699464174
15 14.9974 1699464204
21 17.7128 1699464204
37 18.2197 1699464204
49 20.4649 1699464204
112 22.3571 1699464204
129 22.4766 1699464204
132 25.4969 1699464204
142 23.6093 1699464204
15 14.8702 1699464234
21 17.8927 1699464234
37 18.3034 1699464234
49 20.4754 1699464234
112 22.4445 1699464234
129 22.655 1699464234
132 25.5898 1699464234
142 23.4337 1699464234
15 14.8766 1699464264
21 18.0974 1699464264
37 18.3438 1699464264
49 20.3769 1699464264
112 22.2875 1699464264
129 22.6268 1699464264
132 25.4931 1699464264
142 23.5532 1699464264
15 14.8155 1699464294
21 17.9122 1699464294
37 18.1714 1699464294
49 20.1402 1699464294
112 22.4929 1699464294
129 22.3917 1699464294
132 25.5897 1699464294
142 23.5486 1699464294
15 15.0315 1699464324
21 18.1044 1699464324
37 18.3083 1699464324
49 20.1656 1699464324
112 22.2717 1699464324
129 22.2244 1699464324
132 25.4039 1699464324
142 23.4523 1699464324
15 15.004 1699464354
21 18.0303 1699464354
37 18.4125 1699464354
49 20.393 1699464354
112 22.3816 1699464354
129 22.2091 1699464354
132 25.4887 1699464354
142 23.6328 1699464354
15 14.8929 1699464384
21 17.796 1699464384
37 18.3172 1699464384
49 20.4875 1699464384
112 22.5498 1699464384
129 22.1372 1699464384
132 25.3725 1699464384
142 23.6784 1699464384
15 14.9623 1699464414
21 17.9718 1699464414
37 18.1426 1699464414
49 20.4955 1699464414
112 22.5114 1699464414
129 22.021 1699464414
132 25.3716 1699464414
142 23.8925 1699464414
15 15.21 1699464444
21 17.9373 1699464444
37 18.1919 1699464444
49 20.5034 1699464444
112 22.7069 1699464444
129 21.9702 1699464444
132 25.2666 1699464444
142 23.9785 1699464444
15 15.18 1699464474
21 18.1259 1699464474
37 18.0106 1699464474
49 20.748 1699464474
112 22.6225 1699464474
129 22.1036 1699464474
132 25.3189 1699464474
142 24.048 1699464474
15 15.0356 1699464504
21 18.1858 1699464504
37 17.9228 1699464504
49 20.584 1699464504
112 22.6903 1699464504
129 21.8982 1699464504
132 25.4487 1699464504
142 24.2636 1699464504
15 15.2151 1699464534
21 18.0172 1699464534
37 17.883 1699464534
49 20.4856 1699464534
112 22.5312 1699464534
129 21.8191 1699464534
132 25.6835 1699464534
142 24.2306 1699464534
15 15.1009 1699464564
21 17.9251 1699464564
37 17.9272 1699464564
49 20.5991 1699464564
112 22.5878 1699464564
129 21.6034 1699464564
132 25.7985 1699464564
142 24.1975 1699464564
15 15.2882 1699464594
21 17.8847 1699464594
37 17.7027 1699464594
49 20.548 1699464594
112 22.8023 1699464594
129 21.5887 1699464594
132 25.9771 1699464594
142 24.2391 1699464594
15 15.4626 1699464624
21 17.7896 1699464624
37 17.8272 1699464624
49 20.4796 1699464624
112 22.9029 1699464624
129 21.3682 1699464624
132 25.9123 1699464624
142 24.3765 1699464624
15 15.2775 1699464654
21 17.6857 1699464654
37 18.0013 1699464654
49 20.5067 1699464654
112 23.0218 1699464654
129 21.215 1699464654
132 26.1127 1699464654
142 24.5704 1699464654
15 15.1753 1699464684
21 17.5273 1699464684
37 18.2106 1699464684
49 20.4894 1699464684
112 23.2351 1699464684
129 21.0304 1699464684
132 26.3564 1699464684
142 24.7042 1699464684
15 15.0133 1699464714
21 17.5607 1699464714
37 18.3205 1699464714
49 20.3099 1699464714
112 23.1377 1699464714
129 20.9349 1699464714
132 26.3287 1699464714
142 24.585 1699464714
15 14.8494 1699464744
21 17.6925 1699464744
37 18.2281 1699464744
49 20.156 1699464744
112 23.2041 1699464744
129 20.9222 1699464744
132 26.5629 1699464744
142 24.6359 1699464744
15 15.0116 1699464774
21 17.7732 1699464774
37 18.3103 1699464774
49 20.1371 1699464774
112 23.3875 1699464774
129 21.1221 1699464774
132 26.4536 1699464774
142 24.8537 1699464774
15 14.8213 1699464804
21 17.7596 1699464804
37 18.5284 1699464804
49 20.0564 1699464804
112 23.6276 1699464804
129 21.0707 1699464804
132 26.4117 1699464804
142 24.7788 1699464804
15 14.7713 1699464834
21 17.8539 1699464834
37 18.5479 1699464834
49 20.1321 1699464834
112 23.6299 1699464834
129 20.8415 1699464834
132 26.2543 1699464834
142 24.6787 1699464834
15 14.7745 1699464864
21 18.0976 1699464864
37 18.4239 1699464864
49 20.1613 1699464864
112 23.3924 1699464864
129 20.8498 1699464864
132 26.2486 1699464864
142 24.9064 1699464864
15 15.0006 1699464894
21 18.1594 1699464894
37 18.6351 1699464894
49 20.3125 1699464894
112 23.4506 1699464894
129 20.9951 1699464894
132 26.4381 1699464894
142 24.9702 1699464894
15 15.0154 1699464924
21 18.34 1699464924
37 18.8274 1699464924
49 20.1948 1699464924
112 23.6309 1699464924
129 20.9338 1699464924
132 26.5475 1699464924
142 24.7559 1699464924
15 15.1255 1699464954
21 18.2711 1699464954
37 18.906 1699464954
49 20.3341 1699464954
112 23.7132 1699464954
129 21.0818 1699464954
132 26.4659 1699464954
142 24.6025 1699464954
15 15.2176 1699464984
21 18.0347 1699464984
37 18.892 1699464984
49 20.4692 1699464984
112 23.7437 1699464984
129 21.3116 1699464984
132 26.6328 1699464984
142 24.548 1699464984
15 15.1713 1699465014
21 18.1374 1699465014
37 19.0934 1699465014
49 20.4156 1699465014
112 23.7746 1699465014
129 21.1295 1699465014
132 26.6624 1699465014
142 24.5634 1699465014
15 15.3152 1699465044
21 18.0553 1699465044
37 18.9327 1699465044
49 20.4109 1699465044
112 23.9821 1699465044
129 21.2825 1699465044
132 26.8319 1699465044
142 24.4841 1699465044
15 15.0958 1699465074
21 18.0832 1699465074
37 19.0729 1699465074
49 20.6084 1699465074
112 23.8882 1699465074
129 21.1453 1699465074
132 26.6935 1699465074
142 24.6558 1699465074
15 15.337 1699465104
21 18.1037 1699465104
37 19.1028 1699465104
49 20.493 1699465104
112 23.7326 1699465104
129 21.2624 1699465104
132 26.6386 1699465104
142 24.54 1699465104
15 15.3935 1699465134
21 18.2817 1699465134
37 19.3241 1699465134
49 20.727 1699465134
112 23.8665 1699465134
129 21.4599 1699465134
132 26.8106 1699465134
142 24.6966 1699465134
15 15.3367 1699465164
21 18.2286 1699465164
37 19.4399 1699465164
49 20.5504 1699465164
112 23.8191 1699465164
129 21.3923 1699465164
132 26.9217 1699465164
142 24.6952 1699465164
15 15.2752 1699465194
21 18.0112 1699465194
37 19.5155 1699465194
49 20.631 1699465194
112 23.8771 1699465194
129 21.6326 1699465194
132 26.8464 1699465194
142 24.6037 1699465194
15 15.1888 1699465224
21 18.1378 1699465224
37 19.2964 1699465224
49 20.45 1699465224
112 24.0668 1699465224
129 21.848 1699465224
132 26.9232 1699465224
142 24.8007 1699465224
15 14.968 1699465254
21 17.9854 1699465254
37 19.1416 1699465254
49 20.6818 1699465254
112 24.2959 1699465254
129 21.6157 1699465254
132 26.7769 1699465254
142 24.9515 1699465254
15 14.8815 1699465284
21 18.1725 1699465284
37 19.3072 1699465284
49 20.8489 1699465284
112 24.5436 1699465284
129 21.4132 1699465284
132 26.7451 1699465284
142 25.1045 1699465284
15 14.6684 1699465314
21 18.2744 1699465314
37 19.4095 1699465314
49 21.0748 1699465314
112 24.3424 1699465314
129 21.6613 1699465314
132 26.747 1699465314
142 25.0169 1699465314
15 14.5525 1699465344
21 18.1672 1699465344
37 19.4476 1699465344
49 21.2725 1699465344
112 24.3261 1699465344
129 21.7847 1699465344
132 26.7326 1699465344
142 25.0232 1699465344
15 14.4186 1699465374
21 18.3024 1699465374
37 19.5907 1699465374
49 21.3762 1699465374
112 24.2724 1699465374
129 21.9927 1699465374
132 26.7884 1699465374
142 25.0284 1699465374
15 14.3766 1699465404
21 18.5096 1699465404
37 19.3752 1699465404
49 21.5014 1699465404
112 24.3071 1699465404
129 21.7431 1699465404
132 26.617 1699465404
142 25.0612 1699465404
15 14.1656 1699465434
21 18.6329 1699465434
37 19.3249 1699465434
49 21.4725 1699465434
112 24.2064 1699465434
129 21.5419 1699465434
132 26.5425 1699465434
142 25.275 1699465434
15 14.0265 1699465464
21 18.5673 1699465464
37 19.1464 1699465464
49 21.2593 1699465464
112 23.9929 1699465464
129 21.7278 1699465464
132 26.49 1699465464
142 25.3467 1699465464
15 14.0009 1699465494
21 18.7239 1699465494
37 19.3811 1699465494
49 21.272 1699465494
112 24.2176 1699465494
129 21.597 1699465494
132 26.6297 1699465494
142 25.419 1699465494
15 13.7923 1699465524
21 18.7439 1699465524
37 19.5402 1699465524
49 21.4457 1699465524
112 24.4091 1699465524
129 21.5193 1699465524
132 26.6377 1699465524
142 25.5711 1699465524
15 13.5654 1699465554
21 18.5579 1699465554
37 19.6521 1699465554
49 21.3723 1699465554
112 24.6114 1699465554
129 21.48 1699465554
132 26.393 1699465554
142 25.8017 1699465554
15 13.5586 1699465584
21 18.7737 1699465584
37 19.6204 1699465584
49 21.1649 1699465584
112 24.6646 1699465584
129 21.6385 1699465584
132 26.4682 1699465584
142 25.6838 1699465584
15 13.344 1699465614
21 18.5254 1699465614
37 19.6754 1699465614
49 21.0413 1699465614
112 24.8724 1699465614
129 21.42 1699465614
132 26.5708 1699465614
142 25.7213 1699465614
15 13.2007 1699465644
21 18.4651 1699465644
37 19.807 1699465644
49 21.0544 1699465644
112 24.8953 1699465644
129 21.2367 1699465644
132 26.7268 1699465644
142 25.5095 1699465644
15 13.0626 1699465674
21 18.6624 1699465674
37 19.747 1699465674
49 21.234 1699465674
112 25.0594 1699465674
129 21.0631 1699465674
132 26.5398 1699465674
142 25.6021 1699465674
15 13.0747 1699465704
21 18.4467 1699465704
37 19.6258 1699465704
49 21.419 1699465704
112 25.2362 1699465704
129 21.1556 1699465704
132 26.3971 1699465704
142 25.5252 1699465704
15 13.1369 1699465734
21 18.3144 1699465734
37 19.7096 1699465734
49 21.4994 1699465734
112 25.4792 1699465734
129 21.1022 1699465734
132 26.5999 1699465734
142 25.6683 1699465734
15 13.1407 1699465764
21 18.0698 1699465764
37 19.9492 1699465764
49 21.4329 1699465764
112 25.6474 1699465764
129 21.0009 1699465764
132 26.6435 1699465764
142 25.8465 1699465764
15 13.1127 1699465794
21 18.0246 1699465794
37 19.7704 1699465794
49 21.5092 1699465794
112 25.7699 1699465794
129 20.7907 1699465794
132 26.8531 1699465794
142 25.6746 1699465794
15 12.8698 1699465824
21 17.9694 1699465824
37 19.9331 1699465824
49 21.675 1699465824
112 25.843 1699465824
129 20.9809 1699465824
132 26.8601 1699465824
142 25.5411 1699465824
15 12.7747 1699465854
21 17.9128 1699465854
37 19.7205 1699465854
49 21.5689 1699465854
112 26.0758 1699465854
129 21.1428 1699465854
132 27.0633 1699465854
142 25.4391 1699465854
15 12.9512 1699465884
21 17.8808 1699465884
37 19.5029 1699465884
49 21.5156 1699465884
112 26.2504 1699465884
129 20.9223 1699465884
132 26.845 1699465884
142 25.2048 1699465884
